58263966
58263967
58263968
58263969
58263970
58263971
58263972
58263973
58263974
58263975
58263976
58263977
58263978
58263979
58263980
58263981
58263982
58263983
58263984
58263985
58263986
58263987
58263988
58263989
58263990
58263991
58263992
58263993
58263994
58263995
58263996
58263997
58263998
58263999
58264000
58264001
58264002
58264003
58264004
58264005
58264006
58264007
58264008
58264009
58264010
58264011
58264012
58264013
58264014
58264015
58264016
58264017
58264018
58264019
58264020
58264021
58264022
58264023
58264024
58264025
58264026
58264027
58264028
58264029
58264030
58264031
58264032
58264033
58264034
58264035
58264036
58264037
58264038
58264039
58264040
58264041
58264042
58264043
58264044
58264045
58264046
58264047
58264048
58264049
58264050
58264051
58264052
58264053
58264054
58264055
58264056
58264057
58264058
58264059
58264060
58264061
58264062
58264063
58264064
58264065
58264066
58264067
58264068
58264069
58264070
58264071
58264072
58264073
58264074
58264075
58264076
58264077
58264078
58264079
58264080
58264081
58264082
58264083
58264084
58264085
58264086
58264087
58264088
58264089
58264090
58264091
58264092
58264093
58264094
58264095
58264096
58264097
58264098
58264099
58264100
58264101
58264102
58264103
58264104
58264105
58264106
58264107
58264108
58264109
58264110
58264111
58264112
58264113
58264114
58264115
58264116
58264117
58264118
58264119
58264120
58264121
58264122
58264123
58264124
58264125
58264126
58264127
58264128
58264129
58264130
58264131
58264132
58264133
58264134
58264135
58264136
58264137
58264138
58264139
58264140
58264141
58264142
58264143
58264144
58264145
58264146
58264147
58264148
58264149
58264150
58264151
58264152
58264153
58264154
58264155
58264156
58264157
58264158
58264159
58264160
58264161
58264162
58264163
58264164
58264165
58264166
